103.1680281162262
102.21246457099915
102.11145353317261
101.37634491920471
101.04195713996887
110.13629651069641
109.28980660438538
107.91211795806885
110.51966953277588
116.8663079738617
121.39216637611389
120.70363116264343
122.01173758506775
110.73551201820374
112.52626252174377
121.3597731590271
114.69264340400696
115.88901734352112
121.62999987602234
121.54415655136108
111.45230078697205
105.79021835327148
120.28223752975464
122.18442583084106
121.919992685318
120.85009241104126
118.38630676269531
110.54493117332458
109.5766110420227
120.87712121009827
113.97017049789429
106.56876373291016
109.0137050151825
112.97565078735352
107.7653796672821
116.7738573551178
107.33497285842896
119.69116616249084
109.462153673172
113.81149864196777
117.78381204605103
115.94745969772339
118.99084758758545
106.05263137817383
108.1515429019928
108.30938172340393
109.0032091140747
105.77402901649475
119.52663254737854
114.10352993011475
109.66713547706604
105.74137353897095
109.64507222175598
105.36190962791443
127.46878218650818
